x1, y1
0.000000,0.000000
0.999822,-0.016362
2.973447,-0.080163
5.894605,-0.220107
9.736892,-0.462632
14.473885,-0.832023
20.079231,-1.350530
26.526745,-2.038468
33.790470,-2.914332
41.844749,-3.994894
50.664288,-5.295305
60.224194,-6.829199
70.500015,-8.608771
81.467796,-10.644884
93.104080,-12.947140
105.385941,-15.523969
118.291016,-18.382710
131.797501,-21.529676
145.884155,-24.970234
160.530350,-28.708870
175.716034,-32.749241
191.421722,-37.094257
207.628540,-41.746120
224.318192,-46.706383
241.472961,-51.975998
259.075714,-57.555367
277.109833,-63.444389
295.559326,-69.642494
314.408691,-76.148697
333.643005,-82.961601
353.247803,-90.079483
373.209198,-97.500275
393.513763,-105.221634
414.148560,-113.240944
435.101135,-121.555351
456.359467,-130.161804
477.911987,-139.057037
499.747589,-148.237625
521.855530,-157.699997
544.225525,-167.440460
566.847656,-177.455185
589.712341,-187.740250
612.810425,-198.291672
636.133118,-209.105362
659.671936,-220.177200
683.418701,-231.503021
707.365601,-243.078598
731.505066,-254.899689
755.829895,-266.962036
780.333069,-279.261383
805.007996,-291.793457
829.848206,-304.554016
854.847534,-317.538788
880.000061,-330.743530
905.300049,-344.164032
930.742065,-357.796112
956.320862,-371.635620
982.031433,-385.678436
1007.868835,-399.920441
1033.828491,-414.357635
1059.905884,-428.985992
1086.096680,-443.801575
1112.396851,-458.800507
1138.802368,-473.978882
1165.309448,-489.332947
1191.914429,-504.858917
1218.613647,-520.553162
1245.403931,-536.411987
1272.281860,-552.431824
1299.244385,-568.609131
1326.288574,-584.940491
1353.411377,-601.422485
1380.610107,-618.051758
1407.882202,-634.825012
1435.224976,-651.739014
1462.635986,-668.790649
1490.112793,-685.976746
1517.653198,-703.294312
1545.255005,-720.740295
1572.916016,-738.311768
1600.634277,-756.005859
1628.407837,-773.819763
1656.234741,-791.750671
1684.113281,-809.795898
1712.041626,-827.952820
1740.018188,-846.218811
1768.041260,-864.591309
1796.109375,-883.067810
1824.221069,-901.645935
1852.374756,-920.323242
1880.569092,-939.097412
1908.802856,-957.966125
1937.074585,-976.927185
1965.383179,-995.978394
1993.727417,-1015.117615
2022.106079,-1034.342773
2050.518066,-1053.651733
2078.962402,-1073.042603
2107.437988,-1092.513306
2135.943848,-1112.062012
